camera_matrix:
- [323.7499519794458, 0.0, 313.440823413843]
- [0.0, 331.65448786902834, 202.19122091110248]
- [0.0, 0.0, 1.0]
dist_coeff:
- [0.0, 0.0, 0.0, 0.0, 0.0]
